0.000000e+00 0.000000e+00 -1.454986e+00 -6.581054e+00 0.000000e+00 0.000000e+00 
6.136843e-03 -8.928837e-03 -1.454895e+00 -6.580915e+00 4.038662e-02 8.341444e-07 
1.534211e-02 -2.231959e-02 -1.454400e+00 -6.580018e+00 1.009623e-01 1.303287e-05 
2.476830e-02 -3.602477e-02 -1.453408e+00 -6.577842e+00 1.629778e-01 5.483104e-05 
3.442072e-02 -5.004653e-02 -1.451826e+00 -6.573673e+00 2.264516e-01 1.471344e-04 
4.430480e-02 -6.438578e-02 -1.449540e+00 -6.566493e+00 2.913937e-01 3.136698e-04 
5.425721e-02 -7.879760e-02 -1.446465e+00 -6.555105e+00 3.566935e-01 5.758307e-04 
6.277849e-02 -9.110960e-02 -1.443130e+00 -6.540878e+00 4.124941e-01 8.915006e-04 
7.043368e-02 -1.021436e-01 -1.439508e+00 -6.523525e+00 4.625025e-01 1.258228e-03 
7.783143e-02 -1.127778e-01 -1.435377e+00 -6.501603e+00 5.106843e-01 1.696508e-03 
8.498041e-02 -1.230231e-01 -1.430725e+00 -6.474510e+00 5.570711e-01 2.206269e-03 
9.188898e-02 -1.328899e-01 -1.425542e+00 -6.441650e+00 6.016913e-01 2.786365e-03 
9.829641e-02 -1.420067e-01 -1.420063e+00 -6.404172e+00 6.428496e-01 3.406903e-03 
1.044884e-01 -1.507816e-01 -1.414090e+00 -6.360414e+00 6.823726e-01 4.086801e-03 
1.104721e-01 -1.592241e-01 -1.407619e+00 -6.309936e+00 7.202849e-01 4.822825e-03 
1.165994e-01 -1.678268e-01 -1.400208e+00 -6.248598e+00 7.587654e-01 5.660842e-03 
1.222823e-01 -1.757626e-01 -1.392557e+00 -6.181699e+00 7.940902e-01 6.517524e-03 
1.281016e-01 -1.838414e-01 -1.383874e+00 -6.101799e+00 8.298366e-01 7.476907e-03 
1.334987e-01 -1.912867e-01 -1.374981e+00 -6.016036e+00 8.625427e-01 8.443252e-03 
1.387143e-01 -1.984339e-01 -1.365554e+00 -5.921181e+00 8.936782e-01 9.448868e-03 
1.440551e-01 -2.056993e-01 -1.354981e+00 -5.810434e+00 9.250128e-01 1.055319e-02 
1.492163e-01 -2.126642e-01 -1.343806e+00 -5.688873e+00 9.546944e-01 1.169317e-02 
1.542040e-01 -2.193377e-01 -1.332045e+00 -5.556397e+00 9.827446e-01 1.286350e-02 
1.593113e-01 -2.261079e-01 -1.318945e+00 -5.403934e+00 1.010741e+00 1.413228e-02 
1.642469e-01 -2.325843e-01 -1.305197e+00 -5.238913e+00 1.037013e+00 1.542605e-02 
1.693010e-01 -2.391427e-01 -1.289930e+00 -5.050283e+00 1.063023e+00 1.681940e-02 
1.744763e-01 -2.457752e-01 -1.272963e+00 -4.834732e+00 1.088612e+00 1.831720e-02 
1.797759e-01 -2.524721e-01 -1.254095e+00 -4.588545e+00 1.113594e+00 1.992391e-02 
1.852026e-01 -2.592215e-01 -1.233099e+00 -4.307588e+00 1.137746e+00 2.164347e-02 
1.907596e-01 -2.660098e-01 -1.209726e+00 -3.987297e+00 1.160809e+00 2.347897e-02 
1.964500e-01 -2.728206e-01 -1.183702e+00 -3.622691e+00 1.182479e+00 2.543246e-02 
2.012088e-01 -2.783984e-01 -1.160219e+00 -3.287554e+00 1.198933e+00 2.711962e-02 
2.058154e-01 -2.836878e-01 -1.135920e+00 -2.935586e+00 1.213277e+00 2.879532e-02 
2.110236e-01 -2.895282e-01 -1.106507e+00 -2.503637e+00 1.227457e+00 3.073508e-02 
2.155822e-01 -2.945102e-01 -1.079002e+00 -2.094927e+00 1.237950e+00 3.246727e-02 
2.202502e-01 -2.994778e-01 -1.049073e+00 -1.645994e+00 1.246693e+00 3.426887e-02 
2.244146e-01 -3.037882e-01 -1.020818e+00 -1.219101e+00 1.252667e+00 3.589515e-02 
2.286789e-01 -3.080769e-01 -9.903298e-01 -7.559817e-01 1.256888e+00 3.757410e-02 
2.327530e-01 -3.120497e-01 -9.597014e-01 -2.890101e-01 1.259025e+00 3.918627e-02 
2.367019e-01 -3.157785e-01 -9.285928e-01 1.862368e-01 1.259235e+00 4.075183e-02 
2.404644e-01 -3.192145e-01 -8.976376e-01 6.593506e-01 1.257650e+00 4.224183e-02 
2.444789e-01 -3.227494e-01 -8.631855e-01 1.185329e+00 1.253955e+00 4.382500e-02 
2.483142e-01 -3.259947e-01 -8.288947e-01 1.707411e+00 1.248413e+00 4.532642e-02 
2.522416e-01 -3.291788e-01 -7.923927e-01 2.260717e+00 1.240627e+00 4.684758e-02 
2.561370e-01 -3.321928e-01 -7.548117e-01 2.826848e+00 1.230723e+00 4.833502e-02 
2.602933e-01 -3.352441e-01 -7.132266e-01 3.448079e+00 1.217689e+00 4.989282e-02 
2.642224e-01 -3.379669e-01 -6.725340e-01 4.049647e+00 1.202964e+00 5.133221e-02 
2.680193e-01 -3.404438e-01 -6.319712e-01 4.642095e+00 1.186466e+00 5.268753e-02 
2.723120e-01 -3.430558e-01 -5.847006e-01 5.322258e+00 1.165082e+00 5.417181e-02 
2.761685e-01 -3.452268e-01 -5.410172e-01 5.939888e+00 1.143368e+00 5.545671e-02 
2.805285e-01 -3.474756e-01 -4.903249e-01 6.642123e+00 1.115939e+00 5.684839e-02 
2.844454e-01 -3.493052e-01 -4.436879e-01 7.273217e+00 1.088687e+00 5.803875e-02 
2.888738e-01 -3.511511e-01 -3.898221e-01 7.982807e+00 1.054904e+00 5.931125e-02 
2.931533e-01 -3.527061e-01 -3.367439e-01 8.660247e+00 1.019289e+00 6.046261e-02 
2.975355e-01 -3.540611e-01 -2.814917e-01 9.340842e+00 9.798411e-01 6.155789e-02 
3.020644e-01 -3.552051e-01 -2.235968e-01 1.002530e+01 9.359791e-01 6.259756e-02 
3.064957e-01 -3.560692e-01 -1.663431e-01 1.067150e+01 8.901121e-01 6.352179e-02 
3.109234e-01 -3.566783e-01 -1.087186e-01 1.128929e+01 8.414835e-01 6.435220e-02 
3.153817e-01 -3.570332e-01 -5.046008e-02 1.187878e+01 7.898257e-01 6.509436e-02 
3.195166e-01 -3.571300e-01 3.616561e-03 1.239276e+01 7.396343e-01 6.569939e-02 
3.237507e-01 -3.569977e-01 5.886962e-02 1.288330e+01 6.861101e-01 6.623783e-02 
3.274567e-01 -3.566902e-01 1.070011e-01 1.328082e+01 6.376188e-01 6.664403e-02 
3.312516e-01 -3.561912e-01 1.559463e-01 1.365542e+01 5.864977e-01 6.699978e-02 
3.351376e-01 -3.554885e-01 2.055897e-01 1.400360e+01 5.327445e-01 6.730439e-02 
3.391169e-01 -3.545703e-01 2.558017e-01 1.432192e+01 4.763741e-01 6.755802e-02 
3.428075e-01 -3.535413e-01 3.017026e-01 1.458192e+01 4.230272e-01 6.774489e-02 
3.465867e-01 -3.523135e-01 3.479394e-01 1.481275e+01 3.674720e-01 6.789279e-02 
3.504565e-01 -3.508768e-01 3.943866e-01 1.501199e+01 3.097507e-01 6.800403e-02 
3.544193e-01 -3.492214e-01 4.409102e-01 1.517747e+01 2.499211e-01 6.808193e-02 
3.580946e-01 -3.475232e-01 4.830415e-01 1.529670e+01 1.939101e-01 6.812744e-02 
3.618581e-01 -3.456258e-01 5.250994e-01 1.538556e+01 1.361631e-01 6.815333e-02 
3.657120e-01 -3.435211e-01 5.669653e-01 1.544286e+01 7.674846e-02 6.816454e-02 
3.692863e-01 -3.414269e-01 6.046575e-01 1.546678e+01 2.150031e-02 6.816692e-02 
3.729463e-01 -3.391449e-01 6.420781e-01 1.546355e+01 -3.511164e-02 6.816721e-02 
3.767551e-01 -3.366273e-01 6.797178e-01 1.543204e+01 -9.395773e-02 6.817145e-02 
3.806553e-01 -3.339034e-01 7.168528e-01 1.537194e+01 -1.540373e-01 6.818674e-02 
3.846491e-01 -3.309670e-01 7.533762e-01 1.528340e+01 -2.152616e-01 6.822111e-02 
3.887387e-01 -3.278122e-01 7.891813e-01 1.516686e+01 -2.775355e-01 6.828353e-02 
3.929265e-01 -3.244334e-01 8.241628e-01 1.502302e+01 -3.407582e-01 6.838397e-02 
3.972149e-01 -3.208255e-01 8.582178e-01 1.485289e+01 -4.048245e-01 6.853338e-02 
4.033730e-01 -3.153976e-01 9.040147e-01 1.457397e+01 -4.954505e-01 6.884657e-02 
4.080906e-01 -3.110549e-01 9.366528e-01 1.433733e+01 -5.636543e-01 6.917788e-02 
4.129215e-01 -3.064537e-01 9.679179e-01 1.407849e+01 -6.322971e-01 6.961036e-02 
4.178683e-01 -3.015909e-01 9.977261e-01 1.379985e+01 -7.012566e-01 7.016087e-02 
4.224563e-01 -2.969537e-01 1.023432e+00 1.353225e+01 -7.639591e-01 7.077703e-02 
4.271544e-01 -2.920874e-01 1.047881e+00 1.325192e+01 -8.268784e-01 7.152073e-02 
4.315117e-01 -2.874750e-01 1.068920e+00 1.298844e+01 -8.840478e-01 7.231839e-02 
4.359736e-01 -2.826605e-01 1.088894e+00 1.271714e+01 -9.413956e-01 7.324816e-02 
4.405425e-01 -2.776417e-01 1.107764e+00 1.243961e+01 -9.988653e-01 7.432373e-02 
4.452212e-01 -2.724168e-01 1.125500e+00 1.215746e+01 -1.056404e+00 7.555951e-02 
4.500121e-01 -2.669843e-01 1.142074e+00 1.187230e+01 -1.113965e+00 7.697061e-02 
4.544554e-01 -2.618780e-01 1.156082e+00 1.161246e+01 -1.166139e+00 7.841489e-02 
4.590055e-01 -2.565877e-01 1.169133e+00 1.135207e+01 -1.218381e+00 8.003236e-02 
4.636647e-01 -2.511118e-01 1.181212e+00 1.109228e+01 -1.270665e+00 8.183701e-02 
4.684357e-01 -2.454492e-01 1.192307e+00 1.083421e+01 -1.322967e+00 8.384350e-02 
4.733213e-01 -2.395989e-01 1.202411e+00 1.057895e+01 -1.375271e+00 8.606720e-02 
4.785428e-01 -2.332952e-01 1.211888e+00 1.031679e+01 -1.429820e+00 8.863580e-02 
4.838896e-01 -2.267924e-01 1.220270e+00 1.006018e+01 -1.484291e+00 9.147443e-02 
4.893648e-01 -2.200907e-01 1.227565e+00 9.810114e+00 -1.538681e+00 9.460236e-02 
4.949714e-01 -2.131903e-01 1.233779e+00 9.567484e+00 -1.592996e+00 9.803983e-02 
5.033812e-01 -2.027826e-01 1.240926e+00 9.228935e+00 -1.672012e+00 1.036458e-01 
5.107421e-01 -1.936314e-01 1.245245e+00 8.957147e+00 -1.738931e+00 1.090000e-01 
5.184248e-01 -1.840528e-01 1.248031e+00 8.697056e+00 -1.806732e+00 1.150384e-01 
5.251492e-01 -1.756561e-01 1.249169e+00 8.488326e+00 -1.864503e+00 1.207040e-01 
5.320349e-01 -1.670538e-01 1.249201e+00 8.291970e+00 -1.922266e+00 1.268765e-01 
5.390860e-01 -1.582488e-01 1.248159e+00 8.108126e+00 -1.980075e+00 1.335886e-01 
5.456255e-01 -1.500919e-01 1.246312e+00 7.952261e+00 -2.032581e+00 1.401706e-01 
5.523220e-01 -1.417546e-01 1.243625e+00 7.806326e+00 -2.085337e+00 1.472687e-01 
5.587934e-01 -1.337170e-01 1.240332e+00 7.677576e+00 -2.135432e+00 1.544748e-01 
5.654200e-01 -1.255107e-01 1.236315e+00 7.557374e+00 -2.185904e+00 1.622097e-01 
5.722056e-01 -1.171372e-01 1.231584e+00 7.445606e+00 -2.236800e+00 1.705062e-01 
5.791542e-01 -1.085981e-01 1.226149e+00 7.342113e+00 -2.288170e+00 1.793991e-01 
5.862694e-01 -9.989518e-02 1.220022e+00 7.246697e+00 -2.340066e+00 1.889258e-01 
5.935555e-01 -9.103054e-02 1.213210e+00 7.159122e+00 -2.392541e+00 1.991261e-01 
6.010164e-01 -8.200652e-02 1.205720e+00 7.079123e+00 -2.445650e+00 2.100423e-01 
6.086564e-01 -7.282572e-02 1.197559e+00 7.006407e+00 -2.499451e+00 2.217200e-01 
6.164797e-01 -6.349105e-02 1.188731e+00 6.940660e+00 -2.554002e+00 2.342076e-01 
6.244908e-01 -5.400574e-02 1.179238e+00 6.881551e+00 -2.609362e+00 2.475572e-01 
6.335481e-01 -4.337560e-02 1.167999e+00 6.823650e+00 -2.671421e+00 2.633444e-01 
6.419483e-01 -3.360947e-02 1.157135e+00 6.777467e+00 -2.728543e+00 2.786546e-01 
6.514455e-01 -2.268009e-02 1.144381e+00 6.732916e+00 -2.792692e+00 2.967505e-01 
6.606234e-01 -1.223541e-02 1.131616e+00 6.696647e+00 -2.854314e+00 3.150434e-01 
6.700215e-01 -1.663431e-03 1.118127e+00 6.665531e+00 -2.917099e+00 3.346097e-01 
6.796451e-01 9.028916e-03 1.103903e+00 6.639161e+00 -2.981115e+00 3.555356e-01 
6.894997e-01 1.983402e-02 1.088930e+00 6.617142e+00 -3.046429e+00 3.779137e-01 
7.006412e-01 3.186989e-02 1.071533e+00 6.597448e+00 -3.120040e+00 4.043940e-01 
7.120502e-01 4.399094e-02 1.053225e+00 6.582123e+00 -3.195218e+00 4.328341e-01 
7.249489e-01 5.743969e-02 1.031951e+00 6.569700e+00 -3.280034e+00 4.666383e-01 
7.395321e-01 7.230919e-02 1.007191e+00 6.560757e+00 -3.375770e+00 5.070183e-01 
7.536249e-01 8.633064e-02 9.825735e-01 6.556222e+00 -3.468193e+00 5.482774e-01 
7.676032e-01 9.989080e-02 9.575011e-01 6.554870e+00 -3.559825e+00 5.914316e-01 
7.819169e-01 1.134085e-01 9.311631e-01 6.556035e+00 -3.653655e+00 6.379845e-01 
7.957492e-01 1.261090e-01 9.050802e-01 6.559076e+00 -3.744360e+00 6.853027e-01 
8.099136e-01 1.387360e-01 8.777342e-01 6.563697e+00 -3.837296e+00 7.361918e-01 
8.244179e-01 1.512598e-01 8.490672e-01 6.569635e+00 -3.932540e+00 7.909211e-01 
8.384344e-01 1.629629e-01 8.207266e-01 6.576247e+00 -4.024669e+00 8.463913e-01 
8.542813e-01 1.757101e-01 7.879309e-01 6.584477e+00 -4.128946e+00 9.122399e-01 
8.689787e-01 1.870627e-01 7.567983e-01 6.592618e+00 -4.225780e+00 9.763612e-01 
8.840288e-01 1.982082e-01 7.242033e-01 6.601296e+00 -4.325065e+00 1.045140e+00 
8.994402e-01 2.091071e-01 6.900742e-01 6.610413e+00 -4.426870e+00 1.118921e+00 
9.152214e-01 2.197164e-01 6.543354e-01 6.619885e+00 -4.531265e+00 1.198075e+00 
9.313813e-01 2.299891e-01 6.169070e-01 6.629645e+00 -4.638320e+00 1.283001e+00 
9.479291e-01 2.398745e-01 5.777050e-01 6.639642e+00 -4.748109e+00 1.374126e+00 
9.648741e-01 2.493170e-01 5.366409e-01 6.649837e+00 -4.860704e+00 1.471912e+00 
9.840318e-01 2.591443e-01 4.890873e-01 6.661281e+00 -4.988210e+00 1.588063e+00 
1.002545e+00 2.677648e-01 4.419918e-01 6.672241e+00 -5.111635e+00 1.706099e+00 
1.021503e+00 2.756776e-01 3.925991e-01 6.683365e+00 -5.238232e+00 1.833027e+00 
1.040916e+00 2.827983e-01 3.407926e-01 6.694666e+00 -5.368084e+00 1.969522e+00 
1.060795e+00 2.890348e-01 2.864500e-01 6.706173e+00 -5.501280e+00 2.116311e+00 
1.083269e+00 2.947676e-01 2.234291e-01 6.719149e+00 -5.652145e+00 2.291059e+00 
1.104988e+00 2.989444e-01 1.609262e-01 6.731718e+00 -5.798213e+00 2.469041e+00 
1.129543e+00 3.020091e-01 8.835782e-02 6.746052e+00 -5.963686e+00 2.681365e+00 
1.154688e+00 3.032746e-01 1.194559e-02 6.760983e+00 -6.133499e+00 2.911357e+00 
1.178008e+00 3.027081e-01 -6.083327e-02 6.775183e+00 -6.291332e+00 3.136375e+00 
1.198958e+00 3.007349e-01 -1.277886e-01 6.788334e+00 -6.433411e+00 3.348397e+00 
1.218389e+00 2.976377e-01 -1.912234e-01 6.800954e+00 -6.565433e+00 3.553601e+00 
1.236410e+00 2.936528e-01 -2.512107e-01 6.813099e+00 -6.688102e+00 3.751449e+00 
1.253825e+00 2.887655e-01 -3.102397e-01 6.825308e+00 -6.806858e+00 3.949673e+00 
1.269976e+00 2.833062e-01 -3.659207e-01 6.837109e+00 -6.917193e+00 4.139812e+00 
1.285585e+00 2.771691e-01 -4.205864e-01 6.849002e+00 -7.024003e+00 4.329417e+00 
1.300061e+00 2.707090e-01 -4.720424e-01 6.860507e+00 -7.123234e+00 4.510504e+00 
1.314051e+00 2.637535e-01 -5.224618e-01 6.872095e+00 -7.219289e+00 4.690366e+00 
1.327026e+00 2.566680e-01 -5.698355e-01 6.883284e+00 -7.308525e+00 4.861518e+00 
1.340312e+00 2.487715e-01 -6.189586e-01 6.895202e+00 -7.400056e+00 5.041167e+00 
1.352634e+00 2.408608e-01 -6.650743e-01 6.906681e+00 -7.485091e+00 5.211808e+00 
1.364063e+00 2.330133e-01 -7.083249e-01 6.917694e+00 -7.564087e+00 5.373578e+00 
1.375107e+00 2.249576e-01 -7.505616e-01 6.928660e+00 -7.640548e+00 5.533154e+00 
1.385779e+00 2.167274e-01 -7.917909e-01 6.939537e+00 -7.714554e+00 5.690431e+00 
1.396708e+00 2.078413e-01 -8.344318e-01 6.950920e+00 -7.790457e+00 5.854643e+00 
1.406845e+00 1.991813e-01 -8.743626e-01 6.961646e+00 -7.860967e+00 6.009833e+00 
1.416640e+00 1.904263e-01 -9.133019e-01 6.972094e+00 -7.929210e+00 6.162474e+00 
1.426106e+00 1.816017e-01 -9.512607e-01 6.982180e+00 -7.995255e+00 6.312503e+00 
1.435253e+00 1.727310e-01 -9.882510e-01 6.991811e+00 -8.059169e+00 6.459862e+00 
1.444093e+00 1.638358e-01 -1.024285e+00 7.000882e+00 -8.121016e+00 6.604505e+00 
1.452636e+00 1.549360e-01 -1.059377e+00 7.009276e+00 -8.180859e+00 6.746394e+00 
1.460891e+00 1.460496e-01 -1.093541e+00 7.016869e+00 -8.238755e+00 6.885500e+00 
1.468869e+00 1.371931e-01 -1.126790e+00 7.023522e+00 -8.294761e+00 7.021799e+00 
1.477038e+00 1.278482e-01 -1.161076e+00 7.029390e+00 -8.352162e+00 7.163291e+00 
1.484615e+00 1.189300e-01 -1.193089e+00 7.033704e+00 -8.405439e+00 7.296270e+00 
1.492374e+00 1.095455e-01 -1.226085e+00 7.036665e+00 -8.460022e+00 7.434199e+00 
1.499569e+00 1.006123e-01 -1.256878e+00 7.037738e+00 -8.510661e+00 7.563723e+00 
1.506938e+00 9.123437e-02 -1.288599e+00 7.036741e+00 -8.562516e+00 7.697964e+00 
1.513772e+00 8.232719e-02 -1.318188e+00 7.033471e+00 -8.610594e+00 7.823928e+00 
1.520769e+00 7.299613e-02 -1.348652e+00 7.027244e+00 -8.659794e+00 7.954381e+00 
1.527260e+00 6.415089e-02 -1.377052e+00 7.018306e+00 -8.705376e+00 8.076703e+00 
1.533906e+00 5.490188e-02 -1.406276e+00 7.005337e+00 -8.751979e+00 8.203294e+00 
1.540070e+00 4.614980e-02 -1.433504e+00 6.989173e+00 -8.795112e+00 8.321913e+00 
1.546382e+00 3.701336e-02 -1.461503e+00 6.967696e+00 -8.839162e+00 8.444588e+00 
1.552236e+00 2.838140e-02 -1.487573e+00 6.942500e+00 -8.879880e+00 8.559461e+00 
1.557893e+00 1.989447e-02 -1.512853e+00 6.912470e+00 -8.919073e+00 8.671475e+00 
1.563686e+00 1.105541e-02 -1.538821e+00 6.874942e+00 -8.959012e+00 8.787199e+00 
1.569284e+00 2.370466e-03 -1.563987e+00 6.831064e+00 -8.997379e+00 8.900013e+00 
1.570796e+00 -3.057450e-15 -1.570796e+00 6.817768e+00 -9.007700e+00 8.930656e+00 
