0.000000e+00 0.000000e+00 7.863569e-01 3.807690e+00 0.000000e+00 0.000000e+00 
6.211525e-03 4.884370e-03 7.863062e-01 3.807628e+00 -2.365143e-02 2.895567e-07 
1.396519e-02 1.098044e-02 7.861073e-01 3.807436e+00 -5.317379e-02 3.290551e-06 
2.190493e-02 1.722065e-02 7.857579e-01 3.807191e+00 -8.340291e-02 1.269810e-05 
3.003524e-02 2.360715e-02 7.852566e-01 3.806957e+00 -1.143555e-01 3.273314e-05 
3.809946e-02 2.993717e-02 7.846233e-01 3.806781e+00 -1.450549e-01 6.680854e-05 
4.670366e-02 3.668481e-02 7.838044e-01 3.806680e+00 -1.778087e-01 1.230578e-04 
5.523793e-02 4.337004e-02 7.828509e-01 3.806680e+00 -2.102959e-01 2.035877e-04 
6.397702e-02 5.020666e-02 7.817325e-01 3.806785e+00 -2.435632e-01 3.162984e-04 
7.292585e-02 5.719658e-02 7.804410e-01 3.806993e+00 -2.776303e-01 4.684449e-04 
8.247390e-02 6.464106e-02 7.789021e-01 3.807314e+00 -3.139812e-01 6.775735e-04 
9.194435e-02 7.200973e-02 7.772127e-01 3.807717e+00 -3.500400e-01 9.388136e-04 
1.020489e-01 7.985330e-02 7.752320e-01 3.808218e+00 -3.885179e-01 1.283607e-03 
1.123960e-01 8.786339e-02 7.730135e-01 3.808786e+00 -4.279248e-01 1.715013e-03 
1.234360e-01 9.638338e-02 7.704336e-01 3.809431e+00 -4.699771e-01 2.271713e-03 
1.347409e-01 1.050771e-01 7.675635e-01 3.810110e+00 -5.130462e-01 2.954918e-03 
1.468028e-01 1.143156e-01 7.642455e-01 3.810835e+00 -5.590077e-01 3.821867e-03 
1.591541e-01 1.237327e-01 7.605729e-01 3.811560e+00 -6.060812e-01 4.870319e-03 
1.723326e-01 1.337283e-01 7.563458e-01 3.812298e+00 -6.563165e-01 6.183619e-03 
1.858273e-01 1.439039e-01 7.516855e-01 3.813005e+00 -7.077672e-01 7.753730e-03 
2.002256e-01 1.546889e-01 7.463410e-01 3.813697e+00 -7.626731e-01 9.700379e-03 
2.165042e-01 1.667860e-01 7.398336e-01 3.814398e+00 -8.247604e-01 1.226550e-02 
2.331734e-01 1.790593e-01 7.326563e-01 3.815027e+00 -8.883490e-01 1.532439e-02 
2.520195e-01 1.927857e-01 7.239129e-01 3.815636e+00 -9.602530e-01 1.935161e-02 
2.742205e-01 2.087351e-01 7.127538e-01 3.816228e+00 -1.044971e+00 2.493421e-02 
2.952076e-01 2.235756e-01 7.013476e-01 3.816679e+00 -1.125067e+00 3.111387e-02 
3.160242e-01 2.380503e-01 6.892091e-01 3.817041e+00 -1.204521e+00 3.817729e-02 
3.373403e-01 2.526015e-01 6.759262e-01 3.817337e+00 -1.285889e+00 4.644309e-02 
3.591681e-01 2.671989e-01 6.614289e-01 3.817577e+00 -1.369216e+00 5.606353e-02 
3.815197e-01 2.818083e-01 6.456436e-01 3.817771e+00 -1.454547e+00 6.720589e-02 
4.053680e-01 2.969946e-01 6.277515e-01 3.817932e+00 -1.545596e+00 8.062594e-02 
4.308131e-01 3.127123e-01 6.074657e-01 3.818064e+00 -1.642746e+00 9.679742e-02 
4.579621e-01 3.288953e-01 5.844599e-01 3.818170e+00 -1.746404e+00 1.162936e-01 
4.886564e-01 3.464143e-01 5.567560e-01 3.818259e+00 -1.863602e+00 1.413032e-01 
5.233591e-01 3.651608e-01 5.232688e-01 3.818332e+00 -1.996107e+00 1.736270e-01 
5.642394e-01 3.856965e-01 4.808714e-01 3.818392e+00 -2.152203e+00 2.176158e-01 
6.037451e-01 4.038343e-01 4.368686e-01 3.818432e+00 -2.303052e+00 2.666444e-01 
6.441988e-01 4.205439e-01 3.887223e-01 3.818462e+00 -2.457522e+00 3.239649e-01 
6.856235e-01 4.355697e-01 3.361828e-01 3.818485e+00 -2.615701e+00 3.906222e-01 
7.280423e-01 4.486292e-01 2.789873e-01 3.818503e+00 -2.777677e+00 4.677642e-01 
7.760005e-01 4.603767e-01 2.101851e-01 3.818520e+00 -2.960806e+00 5.665023e-01 
8.251098e-01 4.688759e-01 1.351812e-01 3.818534e+00 -3.148331e+00 6.810903e-01 
8.806320e-01 4.739006e-01 4.483687e-02 3.818549e+00 -3.360345e+00 8.281475e-01 
9.357030e-01 4.737689e-01 -5.058734e-02 3.818564e+00 -3.570637e+00 9.935438e-01 
9.819640e-01 4.694868e-01 -1.352210e-01 3.818577e+00 -3.747288e+00 1.148409e+00 
1.022455e+00 4.624546e-01 -2.126512e-01 3.818592e+00 -3.901904e+00 1.296499e+00 
1.058830e+00 4.534133e-01 -2.848808e-01 3.818608e+00 -4.040807e+00 1.439938e+00 
1.092003e+00 4.428394e-01 -3.529558e-01 3.818627e+00 -4.167484e+00 1.579643e+00 
1.122257e+00 4.311987e-01 -4.168713e-01 3.818649e+00 -4.283013e+00 1.714681e+00 
1.149436e+00 4.190712e-01 -4.757807e-01 3.818677e+00 -4.386800e+00 1.842370e+00 
1.174644e+00 4.063760e-01 -5.316777e-01 3.818711e+00 -4.483060e+00 1.966323e+00 
1.197633e+00 3.935572e-01 -5.837128e-01 3.818754e+00 -4.570848e+00 2.084106e+00 
1.219365e+00 3.803291e-01 -6.338308e-01 3.818809e+00 -4.653837e+00 2.199689e+00 
1.239184e+00 3.673076e-01 -6.803240e-01 3.818877e+00 -4.729524e+00 2.308755e+00 
1.258336e+00 3.538416e-01 -7.259666e-01 3.818966e+00 -4.802666e+00 2.417524e+00 
1.275803e+00 3.407931e-01 -7.682030e-01 3.819076e+00 -4.869373e+00 2.519651e+00 
1.292683e+00 3.274778e-01 -8.095728e-01 3.819220e+00 -4.933838e+00 2.621038e+00 
1.308640e+00 3.142443e-01 -8.491814e-01 3.819403e+00 -4.994782e+00 2.719350e+00 
1.323724e+00 3.011499e-01 -8.870719e-01 3.819635e+00 -5.052396e+00 2.814519e+00 
1.338685e+00 2.875941e-01 -9.250845e-01 3.819943e+00 -5.109546e+00 2.911083e+00 
1.353525e+00 2.735834e-01 -9.632113e-01 3.820357e+00 -5.166237e+00 3.009020e+00 
1.368721e+00 2.586469e-01 -1.002691e+00 3.820934e+00 -5.224296e+00 3.111560e+00 
1.380434e+00 2.467231e-01 -1.033422e+00 3.821525e+00 -5.269052e+00 3.192166e+00 
1.392931e+00 2.336021e-01 -1.066502e+00 3.822344e+00 -5.316814e+00 3.279692e+00 
1.403745e+00 2.219134e-01 -1.095369e+00 3.823258e+00 -5.358153e+00 3.356710e+00 
1.413607e+00 2.109803e-01 -1.121893e+00 3.824304e+00 -5.395863e+00 3.427993e+00 
1.422601e+00 2.007806e-01 -1.146246e+00 3.825479e+00 -5.430263e+00 3.493877e+00 
1.431103e+00 1.909366e-01 -1.169412e+00 3.826829e+00 -5.462794e+00 3.556931e+00 
1.439140e+00 1.814492e-01 -1.191442e+00 3.828362e+00 -5.493558e+00 3.617232e+00 
1.446738e+00 1.723172e-01 -1.212383e+00 3.830083e+00 -5.522651e+00 3.674861e+00 
1.453785e+00 1.637052e-01 -1.231906e+00 3.831956e+00 -5.549647e+00 3.728854e+00 
1.460595e+00 1.552516e-01 -1.250867e+00 3.834056e+00 -5.575749e+00 3.781534e+00 
1.467032e+00 1.471414e-01 -1.268876e+00 3.836340e+00 -5.600438e+00 3.831789e+00 
1.473253e+00 1.391934e-01 -1.286358e+00 3.838853e+00 -5.624311e+00 3.880777e+00 
1.479134e+00 1.315798e-01 -1.302956e+00 3.841531e+00 -5.646894e+00 3.927471e+00 
1.484817e+00 1.241293e-01 -1.319062e+00 3.844421e+00 -5.668734e+00 3.972951e+00 
1.490189e+00 1.170019e-01 -1.334349e+00 3.847437e+00 -5.689395e+00 4.016268e+00 
1.495518e+00 1.098511e-01 -1.349570e+00 3.850708e+00 -5.709906e+00 4.059544e+00 
1.500667e+00 1.028635e-01 -1.364335e+00 3.854128e+00 -5.729743e+00 4.101662e+00 
1.505644e+00 9.603860e-02 -1.378657e+00 3.857659e+00 -5.748931e+00 4.142642e+00 
1.510348e+00 8.952120e-02 -1.392243e+00 3.861171e+00 -5.767087e+00 4.181633e+00 
1.515014e+00 8.299352e-02 -1.405765e+00 3.864776e+00 -5.785111e+00 4.220551e+00 
1.519425e+00 7.676464e-02 -1.418590e+00 3.868231e+00 -5.802166e+00 4.257565e+00 
1.523800e+00 7.053043e-02 -1.431352e+00 3.871618e+00 -5.819097e+00 4.294494e+00 
1.527935e+00 6.458566e-02 -1.443454e+00 3.874680e+00 -5.835115e+00 4.329602e+00 
1.532037e+00 5.863970e-02 -1.455492e+00 3.877449e+00 -5.851016e+00 4.364615e+00 
1.536002e+00 5.284670e-02 -1.467160e+00 3.879709e+00 -5.866391e+00 4.398632e+00 
1.539833e+00 4.720452e-02 -1.478466e+00 3.881315e+00 -5.881257e+00 4.431676e+00 
1.543632e+00 4.156534e-02 -1.489709e+00 3.882113e+00 -5.896007e+00 4.464616e+00 
1.547304e+00 3.607517e-02 -1.500601e+00 3.881858e+00 -5.910262e+00 4.496605e+00 
1.550853e+00 3.073158e-02 -1.511151e+00 3.880341e+00 -5.924035e+00 4.527666e+00 
1.554282e+00 2.553208e-02 -1.521367e+00 3.877339e+00 -5.937336e+00 4.557819e+00 
1.557683e+00 2.034020e-02 -1.531520e+00 3.872460e+00 -5.950517e+00 4.587862e+00 
1.560970e+00 1.529007e-02 -1.541347e+00 3.865483e+00 -5.963234e+00 4.617020e+00 
1.564230e+00 1.024907e-02 -1.551108e+00 3.855831e+00 -5.975822e+00 4.646065e+00 
1.567381e+00 5.347330e-03 -1.560551e+00 3.843320e+00 -5.987951e+00 4.674249e+00 
1.570426e+00 5.821519e-04 -1.569684e+00 3.827603e+00 -5.999629e+00 4.701594e+00 
1.570796e+00 1.152333e-14 -1.570796e+00 3.825410e+00 -6.001048e+00 4.704931e+00 
